509	[117, 110, 100]
465	[100, 105, 101]
297	[101, 105, 110, 104, 116]
229	[73, 99, 104, 104, 73, 83, 84, 79, 80, 72, 69, 76, 69, 83]
221	[70, 65, 85, 83, 84, 83, 84, 79, 80, 72, 69, 76, 69, 83]
197	[109, 105, 116, 83, 84, 83, 84, 79, 80, 72, 69, 76, 69, 83]
177	[68, 105, 101, 83, 84, 83, 84, 79, 80, 72, 69, 76, 69, 83]
145	[97, 110, 109, 83, 84, 83, 84, 79, 80, 72, 69, 76, 69, 83]
137	[101, 114, 115, 83, 84, 83, 84, 79, 80, 72, 69, 76, 69, 83]
121	[105, 104, 114, 83, 84, 83, 84, 79, 80, 72, 69, 76, 69, 83]
109	[87, 97, 115, 104, 84, 83, 84, 79, 80, 72, 69, 76, 69, 83]
105	[83, 105, 101, 104, 84, 83, 84, 79, 80, 72, 69, 76, 69, 83]
97	[87, 105, 101, 104, 84, 83, 84, 79, 80, 72, 69, 76, 69, 83]
93	[68, 117, 114, 104, 84, 83, 84, 79, 80, 72, 69, 76, 69, 83]
77	[77, 105, 116, 104, 84, 83, 84, 79, 80, 72, 69, 76, 69, 83]
73	[68, 97, 110, 71, 65, 82, 69, 84, 69, 72, 69, 76, 69, 83]
65	[115, 99, 104, 111, 110, 82, 69, 84, 69, 72, 69, 76, 69, 83]
61	[101, 105, 110, 101, 110, 82, 69, 84, 69, 72, 69, 76, 69, 83]
57	[107, 97, 110, 110, -67, 82, 69, 84, 69, 72, 69, 76, 69, 83]
53	[87, 101, 108, 116, 114, 82, 69, 84, 69, 72, 69, 76, 69, 83]
49	[77, 101, 105, 110, 114, 82, 69, 84, 69, 72, 69, 76, 69, 83]
45	[103, 108, 101, 105, 99, 104, 69, 84, 69, 72, 69, 76, 69, 83]
41	[100, 117, 114, 99, 104, 115, 69, 84, 69, 72, 69, 76, 69, 83]
37	[103, 117, 116, 100, 101, 114, 69, 84, 69, 72, 69, 76, 69, 83]
33	[72, 101, 114, 114, 101, 109, 69, 84, 69, 72, 69, 76, 69, 83]
29	[102, 111, 114, 116, 105, 115, 116, 111, 112, 104, 101, 108, 101, 115]
25	[115, 97, 103, 101, 110, 114, 116, 111, 112, 104, 101, 108, 101, 115]
21	[65, 76, 84, 77, 65, 89, 69, 82, 112, 104, 101, 108, 101, 115]
17	[102, 114, 101, 105, 67, 72, 69, 78, 82, 104, 101, 108, 101, 115]
13	[111, 102, 116, 122, 101, 110, 116, 101, 110, 104, 101, 108, 101, 115]
9	[83, 101, 105, 108, -65, -67, 104, 108, 110, 104, 101, 108, 101, 115]
5	[115, 116, 97, 110, 100, 110, 110, 110, 101, 110, 105, 98]
