447	[100, 101, 114]
199	[115, 105, 101, 83, 84, 83, 84, 79, 80, 72, 69, 76, 69, 83]
143	[110, 117, 114, 83, 84, 83, 84, 79, 80, 72, 69, 76, 69, 83]
139	[73, 104, 114, 83, 84, 83, 84, 79, 80, 72, 69, 76, 69, 83]
131	[119, 105, 101, 83, 84, 83, 84, 79, 80, 72, 69, 76, 69, 83]
103	[69, 115, 101, 104, 84, 83, 84, 79, 80, 72, 69, 76, 69, 83]
99	[69, 114, 101, 104, 84, 83, 84, 79, 80, 72, 69, 76, 69, 83]
91	[100, 111, 99, 104, 84, 83, 84, 79, 80, 72, 69, 76, 69, 83]
79	[110, 111, 99, 104, 84, 83, 84, 79, 80, 72, 69, 76, 69, 83]
63	[98, 105, 110, 111, 110, 82, 69, 84, 69, 72, 69, 76, 69, 83]
59	[110, 117, 110, 100, 110, 82, 69, 84, 69, 72, 69, 76, 69, 83]
55	[119, 97, 114, 110, -67, 82, 69, 84, 69, 72, 69, 76, 69, 83]
51	[115, 111, 108, 108, 114, 82, 69, 84, 69, 72, 69, 76, 69, 83]
47	[109, 117, -17, -65, -67, 82, 69, 84, 69, 72, 69, 76, 69, 83]
43	[87, 105, 114, 115, 116, 104, 69, 84, 69, 72, 69, 76, 69, 83]
39	[78, 117, 114, 104, 116, 69, 69, 84, 69, 72, 69, 76, 69, 83]
35	[109, 97, 103, 110, 101, 108, 69, 84, 69, 72, 69, 76, 69, 83]
31	[110, 105, 101, 110, 101, 109, 69, 84, 69, 72, 69, 76, 69, 83]
27	[122, 117, 114, 104, 116, 114, 116, 111, 112, 104, 101, 108, 101, 115]
23	[72, 97, 117, 115, 101, 110, 116, 111, 112, 104, 101, 108, 101, 115]
19	[83, 99, 104, 111, 110, 110, -67, 116, 82, 104, 101, 108, 101, 115]
15	[105, 104, 114, 101, 101, 116, 104, 110, 110, 104, 101, 108, 101, 115]
11	[66, 105, 110, 77, 77, 69, 116, 101, 110, 104, 101, 108, 101, 115]
7	[114, 105, 110, 103, 115, 108, 97, 108, 108, 97, 102, 116]
3	[104, 101, 105, 108, 105, 103, 101, 110, 99, 104, 110, 97, 117, 122, 73, 83, 84]
