472	[105, 99, 104]
408	[85, 110, 100]
352	[122, 117, 99, 104, 116]
336	[105, 115, 116, 104, 116]
264	[100, 97, 115, 104, 116]
248	[115, 105, 99, 104, 73, 83, 84, 79, 80, 72, 69, 76, 69, 83]
236	[109, 105, 114, 104, 73, 83, 84, 79, 80, 72, 69, 76, 69, 83]
224	[100, 101, 110, 104, 73, 83, 84, 79, 80, 72, 69, 76, 69, 83]
180	[115, 111, 116, 83, 84, 83, 84, 79, 80, 72, 69, 76, 69, 83]
172	[97, 117, 102, 83, 84, 83, 84, 79, 80, 72, 69, 76, 69, 83]
116	[100, 105, 99, 104, 84, 83, 84, 79, 80, 72, 69, 76, 69, 83]
112	[83, 111, 99, 104, 84, 83, 84, 79, 80, 72, 69, 76, 69, 83]
100	[105, 109, 101, 104, 84, 83, 84, 79, 80, 72, 69, 76, 69, 83]
92	[69, 117, 99, 104, 84, 83, 84, 79, 80, 72, 69, 76, 69, 83]
88	[97, 117, 99, 104, 84, 83, 84, 79, 80, 72, 69, 76, 69, 83]
76	[77, 65, 82, 71, 65, 82, 69, 84, 69, 72, 69, 76, 69, 83]
72	[87, 101, 110, 110, 65, 82, 69, 84, 69, 72, 69, 76, 69, 83]
60	[104, 97, 116, 100, 110, 82, 69, 84, 69, 72, 69, 76, 69, 83]
52	[109, 101, 105, 110, 114, 82, 69, 84, 69, 72, 69, 76, 69, 83]
48	[119, 105, 108, 108, 114, 82, 69, 84, 69, 72, 69, 76, 69, 83]
44	[70, 97, 117, 115, 116, 104, 69, 84, 69, 72, 69, 76, 69, 83]
40	[114, 101, 99, 104, 116, 69, 69, 84, 69, 72, 69, 76, 69, 83]
36	[103, 101, 114, 110, 101, 108, 69, 84, 69, 72, 69, 76, 69, 83]
32	[72, 101, 114, 122, 101, 109, 69, 84, 69, 72, 69, 76, 69, 83]
28	[77, 105, 114, 114, 101, 114, 116, 111, 112, 104, 101, 108, 101, 115]
24	[72, 101, 114, 122, 101, 110, 116, 111, 112, 104, 101, 108, 101, 115]
20	[115, 101, 104, -67, -17, -65, -67, 116, 82, 104, 101, 108, 101, 115]
16	[107, 101, 105, 110, 101, -67, 110, 101, 110, 104, 101, 108, 101, 115]
12	[97, 108, 108, 101, 114, 114, 100, 101, 110, 104, 101, 108, 101, 115]
8	[115, 116, 101, 116, 115, 116, 116, 99, 104, 97, 102, 116]
4	[98, 114, 101, 105, 116, 101, 110, 110, 101, 108, 110]
