398	[110, 105, 99, 104, 116]
254	[77, 69, 80, 72, 73, 83, 84, 79, 80, 72, 69, 76, 69, 83]
246	[105, 110, 99, 104, 73, 83, 84, 79, 80, 72, 69, 76, 69, 83]
226	[100, 117, 104, 104, 73, 83, 84, 79, 80, 72, 69, 76, 69, 83]
218	[115, 65, 85, 83, 84, 83, 84, 79, 80, 72, 69, 76, 69, 83]
194	[101, 115, 116, 83, 84, 83, 84, 79, 80, 72, 69, 76, 69, 83]
170	[100, 101, 109, 83, 84, 83, 84, 79, 80, 72, 69, 76, 69, 83]
138	[68, 101, 114, 83, 84, 83, 84, 79, 80, 72, 69, 76, 69, 83]
98	[69, 105, 110, 104, 84, 83, 84, 79, 80, 72, 69, 76, 69, 83]
94	[100, 105, 114, 104, 84, 83, 84, 79, 80, 72, 69, 76, 69, 83]
86	[117, 110, 115, 104, 84, 83, 84, 79, 80, 72, 69, 76, 69, 83]
78	[119, 105, 114, 104, 84, 83, 84, 79, 80, 72, 69, 76, 69, 83]
74	[105, 104, 110, 71, 65, 82, 69, 84, 69, 72, 69, 76, 69, 83]
70	[119, 111, 104, 108, 65, 82, 69, 84, 69, 72, 69, 76, 69, 83]
66	[104, 105, 101, 114, 65, 82, 69, 84, 69, 72, 69, 76, 69, 83]
62	[73, 110, 110, 111, 110, 82, 69, 84, 69, 72, 69, 76, 69, 83]
54	[102, -17, -65, -67, 114, 82, 69, 84, 69, 72, 69, 76, 69, 83]
50	[97, 108, 115, 108, 114, 82, 69, 84, 69, 72, 69, 76, 69, 83]
46	[101, 117, 99, 104, -67, 82, 69, 84, 69, 72, 69, 76, 69, 83]
42	[79, 108, 108, 101, 116, 115, 69, 84, 69, 72, 69, 76, 69, 83]
38	[115, 101, 108, 98, 115, 116, 69, 84, 69, 72, 69, 76, 69, 83]
34	[71, 111, 116, 116, 101, 114, 69, 84, 69, 72, 69, 76, 69, 83]
30	[104, 97, 115, 116, 101, 109, 69, 84, 69, 72, 69, 76, 69, 83]
26	[104, 97, 98, 101, 110, 110, 116, 111, 112, 104, 101, 108, 101, 115]
22	[107, 101, 105, 110, 116, 108, 116, 111, 112, 104, 101, 108, 101, 115]
18	[100, 97, 118, 111, 110, 110, 101, 110, 82, 104, 101, 108, 101, 115]
14	[86, 111, 109, 101, 101, 110, 104, 110, 110, 104, 101, 108, 101, 115]
10	[76, 105, 101, 98, 101, 115, 116, 101, 110, 104, 101, 108, 101, 115]
6	[103, 101, 98, 100, 116, -65, -67, 104, 114, 107, 102, 116]
2	[-17, -65, -67, 110, 103, 115, 116, 108, 105, 99, 104, 103, 110, 67, 72, 69, 78]
