509	[117, 110, 100]
465	[100, 105, 101]
297	[101, 105, 110, 104, 116]
229	[73, 99, 104, 104, 73, 83, 84, 79, 80, 72, 69, 76, 69, 83]
221	[70, 65, 85, 83, 84, 83, 84, 79, 80, 72, 69, 76, 69, 83]
197	[109, 105, 116, 83, 84, 83, 84, 79, 80, 72, 69, 76, 69, 83]
177	[68, 105, 101, 83, 84, 83, 84, 79, 80, 72, 69, 76, 69, 83]
145	[97, 110, 109, 83, 84, 83, 84, 79, 80, 72, 69, 76, 69, 83]
137	[101, 114, 115, 83, 84, 83, 84, 79, 80, 72, 69, 76, 69, 83]
121	[119, 97, 115, 83, 84, 83, 84, 79, 80, 72, 69, 76, 69, 83]
109	[87, 97, 115, 104, 84, 83, 84, 79, 80, 72, 69, 76, 69, 83]
105	[83, 105, 101, 104, 84, 83, 84, 79, 80, 72, 69, 76, 69, 83]
97	[87, 105, 101, 104, 84, 83, 84, 79, 80, 72, 69, 76, 69, 83]
93	[68, 117, 114, 104, 84, 83, 84, 79, 80, 72, 69, 76, 69, 83]
77	[77, 105, 116, 104, 84, 83, 84, 79, 80, 72, 69, 76, 69, 83]
73	[68, 97, 110, 71, 65, 82, 69, 84, 69, 72, 69, 76, 69, 83]
65	[115, 99, 104, 111, 110, 82, 69, 84, 69, 72, 69, 76, 69, 83]
61	[101, 105, 110, 101, 110, 82, 69, 84, 69, 72, 69, 76, 69, 83]
57	[107, 97, 110, 110, -67, 82, 69, 84, 69, 72, 69, 76, 69, 83]
53	[68, 101, 110, -67, 114, 82, 69, 84, 69, 72, 69, 76, 69, 83]
49	[77, 101, 105, 110, 114, 82, 69, 84, 69, 72, 69, 76, 69, 83]
45	[71, 101, 105, 115, 116, 104, 69, 84, 69, 72, 69, 76, 69, 83]
41	[100, 117, 114, 99, 104, 115, 69, 84, 69, 72, 69, 76, 69, 83]
37	[119, 105, 101, 100, 101, 114, 69, 84, 69, 72, 69, 76, 69, 83]
33	[78, 117, 110, 110, 101, 109, 69, 84, 69, 72, 69, 76, 69, 83]
29	[100, 105, 101, 115, 101, 114, 116, 111, 112, 104, 101, 108, 101, 115]
25	[97, 108, 108, 101, 110, 114, 116, 111, 112, 104, 101, 108, 101, 115]
21	[109, 101, 105, 110, 101, 114, 69, 82, 112, 104, 101, 108, 101, 115]
17	[65, 117, 103, 101, 110, 69, 82, 110, 82, 104, 101, 108, 101, 115]
13	[103, 97, 110, 122, 101, 110, 116, 101, 110, 104, 101, 108, 101, 115]
9	[68, 114, 117, 109, -67, 103, 116, 78, 110, 104, 101, 108, 101, 115]
5	[70, 101, 114, 110, 101, 101, 105, 116, 114, 101, 105, 98]
