447	[100, 101, 114]
199	[115, 105, 101, 83, 84, 83, 84, 79, 80, 72, 69, 76, 69, 83]
143	[110, 117, 114, 83, 84, 83, 84, 79, 80, 72, 69, 76, 69, 83]
139	[73, 104, 114, 83, 84, 83, 84, 79, 80, 72, 69, 76, 69, 83]
131	[119, 105, 101, 83, 84, 83, 84, 79, 80, 72, 69, 76, 69, 83]
103	[69, 115, 101, 104, 84, 83, 84, 79, 80, 72, 69, 76, 69, 83]
99	[69, 114, 101, 104, 84, 83, 84, 79, 80, 72, 69, 76, 69, 83]
91	[100, 111, 99, 104, 84, 83, 84, 79, 80, 72, 69, 76, 69, 83]
79	[119, 105, 114, 100, 84, 83, 84, 79, 80, 72, 69, 76, 69, 83]
63	[98, 105, 110, 111, 110, 82, 69, 84, 69, 72, 69, 76, 69, 83]
59	[118, 111, 114, 100, 110, 82, 69, 84, 69, 72, 69, 76, 69, 83]
55	[97, 117, 115, 110, -67, 82, 69, 84, 69, 72, 69, 76, 69, 83]
51	[115, 111, 108, 108, 114, 82, 69, 84, 69, 72, 69, 76, 69, 83]
47	[100, 97, -17, -65, -67, 82, 69, 84, 69, 72, 69, 76, 69, 83]
43	[97, 108, 108, 101, 116, 115, 69, 84, 69, 72, 69, 76, 69, 83]
39	[98, 101, 105, 104, 116, 69, 69, 84, 69, 72, 69, 76, 69, 83]
35	[109, 97, 103, 110, 101, 108, 69, 84, 69, 72, 69, 76, 69, 83]
31	[110, 105, 101, 110, 101, 109, 69, 84, 69, 72, 69, 76, 69, 83]
27	[65, 117, 115, 104, 116, 114, 116, 111, 112, 104, 101, 108, 101, 115]
23	[119, 101, 105, -17, -65, -67, 116, 111, 112, 104, 101, 108, 101, 115]
19	[100, 101, 105, 110, 101, 109, -67, 116, 82, 104, 101, 108, 101, 115]
15	[119, 111, 105, 116, 110, 101, 104, 110, 110, 104, 101, 108, 101, 115]
11	[76, 105, 101, 100, -65, -67, 110, 101, 110, 104, 101, 108, 101, 115]
7	[103, 101, 103, 101, 98, 101, 110, 110, 108, 97, 102, 116, 101, 115]
3	[104, 101, 105, 108, 105, 103, 101, 110, 99, 104, 110, 97, 117, 122, 73, 83, 84]
