2	[-17, -65, -67, 110, 103, 115, 116, 108, 105, 99, 104, 103, 110, 67, 72, 69, 78]
6	[84, 114, -17, -65, -67, 110, 101, 110, 116, 97, 102, 116]
10	[76, 105, 99, 104, 116, 110, 107, 110, 110, 104, 101, 108, 101, 115]
14	[115, 99, 104, -17, -65, -67, 110, 110, 110, 104, 101, 108, 101, 115]
18	[100, 97, 118, 111, 110, 110, 101, 110, 82, 104, 101, 108, 101, 115]
22	[101, 105, 110, 109, 97, 108, 116, 111, 112, 104, 101, 108, 101, 115]
26	[77, 117, 116, 116, 101, 114, 116, 111, 112, 104, 101, 108, 101, 115]
30	[104, 97, 115, 116, 101, 109, 69, 84, 69, 72, 69, 76, 69, 83]
34	[65, 117, 102, 108, 101, 108, 69, 84, 69, 72, 69, 76, 69, 83]
38	[109, 101, 104, 114, 116, 69, 69, 84, 69, 72, 69, 76, 69, 83]
42	[97, 108, 108, 101, 115, 115, 69, 84, 69, 72, 69, 76, 69, 83]
46	[101, 117, 99, 104, -67, 82, 69, 84, 69, 72, 69, 76, 69, 83]
50	[97, 108, 115, 108, 114, 82, 69, 84, 69, 72, 69, 76, 69, 83]
54	[73, 115, 116, 110, -67, 82, 69, 84, 69, 72, 69, 76, 69, 83]
62	[73, 110, 110, 111, 110, 82, 69, 84, 69, 72, 69, 76, 69, 83]
66	[110, 97, 99, 104, 65, 82, 69, 84, 69, 72, 69, 76, 69, 83]
70	[119, 111, 104, 108, 65, 82, 69, 84, 69, 72, 69, 76, 69, 83]
74	[105, 104, 110, 71, 65, 82, 69, 84, 69, 72, 69, 76, 69, 83]
78	[119, 105, 114, 104, 84, 83, 84, 79, 80, 72, 69, 76, 69, 83]
86	[117, 110, 115, 104, 84, 83, 84, 79, 80, 72, 69, 76, 69, 83]
94	[100, 105, 114, 104, 84, 83, 84, 79, 80, 72, 69, 76, 69, 83]
98	[69, 105, 110, 104, 84, 83, 84, 79, 80, 72, 69, 76, 69, 83]
138	[68, 101, 114, 83, 84, 83, 84, 79, 80, 72, 69, 76, 69, 83]
170	[100, 101, 109, 83, 84, 83, 84, 79, 80, 72, 69, 76, 69, 83]
194	[101, 115, 116, 83, 84, 83, 84, 79, 80, 72, 69, 76, 69, 83]
218	[115, 65, 85, 83, 84, 83, 84, 79, 80, 72, 69, 76, 69, 83]
226	[100, 117, 104, 104, 73, 83, 84, 79, 80, 72, 69, 76, 69, 83]
246	[105, 110, 99, 104, 73, 83, 84, 79, 80, 72, 69, 76, 69, 83]
254	[77, 69, 80, 72, 73, 83, 84, 79, 80, 72, 69, 76, 69, 83]
398	[110, 105, 99, 104, 116]
